123
212212123
212212123
212212123
212212123
212212123
212212123
212212123
212212123
212212123
212212123
212212123
212212123
212212123
212212123
212212123
212212123
212212123
212212123
212212123
212212123
212212123
212212123
212212123
212212123
212212123
212212123
212212123
212212123
212212123
212212123
212212123
212212123
212212123
212212123
212212123
212212123
212212123
212212123
212212123
212212123
212212123
212212123
212212123
212212123
212212123
212212123
212212123
212212123
212212123
212212123
212212123
212212123
212212123
212212123
212212123
212212123
212212123
212212123
212212123
212212123
212212123
212212123
212212123
212212123
212212123
212212123
212212123
212212123
212212123
212212123
212212123
212212123
212212123
212212123
212212123
212212123
212212123
212212123
212212123
212212123
212212123
212212123
212212123
212212123
212212123
212212123
212212123
212212123
212212123
212212123
212212123
212212123
212212123
212212123
212212123
212212123
212212123
212212123
212212123
212212123
212212123
212212123
212212123
212212123
212212123
212212123
212212123
212212123
212212123
212212123
212212123
212212123
212212123
212212123
212212123
212212123
212212123
212212123
212212123
212212123
212212123
212212123
212212
